6.662833040713196375e-01
6.147726585014176015e-01
6.936456124695637993e-01
6.811198437390639793e-01
6.983539627548399631e-01
7.548638875116003844e-01
7.014547549731110498e-01
6.733823146764854606e-01
6.956403902653512938e-01
7.070386331082739728e-01
7.031688664846658110e-01
7.214268363799517525e-01
7.067634467495593764e-01
6.908039890684698481e-01
6.968601840892943988e-01
4.915989805680420766e-01
4.147630234729263732e-01
5.642064941362450181e-01
5.490157210126802578e-01
5.430192268429419045e-01
6.502175373220513421e-01
5.792371203389444778e-01
5.243639493351647252e-01
5.538676234726688241e-01
5.817522856260457509e-01
5.684918255706149504e-01
5.968234235520483155e-01
5.793860333783429351e-01
5.572137267887516954e-01
5.572608302323684981e-01
3.525527519798808407e-01
2.530844400351278112e-01
4.849151147504539017e-01
4.814003546430294933e-01
4.201060095118552273e-01
5.853731784012848882e-01
5.098216720202819463e-01
4.380278031494297397e-01
4.594518025443004583e-01
5.081750054928146909e-01
4.892321903123513782e-01
5.203926265449139166e-01
4.998980186442309459e-01
4.844219043428705240e-01
4.692733112934827089e-01
3.249234730148490846e-01
2.539721459865648123e-01
4.053805773105111365e-01
4.288557340675984708e-01
3.854074262289989283e-01
5.116823720363318229e-01
4.464953276604710086e-01
4.129428447822037773e-01
3.995999897690629132e-01
4.469050733829001421e-01
4.414106297554784564e-01
4.898943811497286638e-01
4.333962234471946950e-01
4.281693121393072010e-01
4.169539923777292323e-01
2.886381387951291178e-01
2.238843416481150761e-01
3.401410665668184730e-01
3.861905804024409750e-01
3.524159997439599290e-01
4.643108627825655588e-01
3.971522158176647999e-01
3.887162306212412766e-01
3.508576617075686022e-01
3.996846228386439770e-01
4.021983640708161056e-01
4.676055693560767224e-01
3.854508904467054409e-01
3.864553331434187333e-01
3.735480705247710143e-01
2.540424485734573135e-01
2.046337711233507384e-01
2.956545471773595612e-01
3.479431567821654747e-01
3.249059301537681743e-01
4.304876942590942224e-01
3.641738636998241296e-01
3.684645722763752462e-01
3.125170876066918901e-01
3.627823809222965878e-01
3.716376464911555488e-01
4.485979503307331306e-01
3.499654774064872020e-01
3.536778554811642050e-01
3.406282493851765514e-01
2.156423642276355801e-01
1.774522914412990926e-01
2.546085658023832798e-01
3.152127491647301327e-01
2.975020507682039073e-01
4.076431127076117211e-01
3.351662849476460537e-01
3.518415193029637567e-01
2.788992770274901223e-01
3.308495673251238833e-01
3.440708944881287756e-01
4.338530382535877306e-01
3.200982975461317825e-01
3.276126313736951734e-01
3.116631204941853195e-01
1.861607039042092182e-01
1.618128393287489586e-01
2.308766629928327152e-01
2.799645703507966932e-01
2.802622092764070483e-01
3.927797494007830847e-01
3.164116135643452177e-01
3.433382812698304032e-01
2.571541193811398007e-01
2.981599427860376905e-01
3.234857312088537107e-01
4.220416900926973192e-01
3.017681053547398573e-01
3.075893302464814960e-01
2.908147234083324206e-01
1.542257589053236955e-01
1.392877958396241123e-01
2.089413492293659136e-01
2.491207796525196361e-01
2.594883567112898359e-01
3.833194607167042522e-01
2.988451867459374633e-01
3.362433119164960904e-01
2.385667477572285256e-01
2.689236718987941810e-01
3.010922392528764258e-01
4.129259091917000801e-01
2.852085808598359140e-01
2.907702171080419618e-01
2.724874621372268546e-01
1.250386838331303818e-01
1.143031469889379814e-01
1.858514241584683646e-01
2.210144703374901376e-01
2.366364229231567307e-01
3.772894683612030287e-01
2.827765978593756446e-01
3.308290936966279960e-01
2.222862366963899994e-01
2.417729120680587596e-01
2.770671406836281436e-01
4.057647970366782819e-01
2.711031162364397340e-01
2.772110214588542343e-01
2.557411426632922313e-01
1.044004061545433931e-01
8.514231432627498986e-02
1.547231453460589656e-01
1.934941890111668006e-01
2.106244350365564788e-01
3.727238852775440758e-01
2.680048548538829789e-01
3.271644030917896795e-01
2.065400920315269562e-01
2.142436963984666876e-01
2.497545143236238885e-01
4.000537111483580266e-01
2.592432517849487805e-01
2.661846444794139788e-01
2.391254687355803821e-01
9.829019557967551279e-02
9.842489839708355726e-02
1.452682359061010786e-01
1.695634532511849923e-01
1.862500255360177159e-01
3.519783497601113864e-01
2.631393510540420144e-01
3.340197878667835463e-01
2.010455860817739193e-01
2.066732145093105322e-01
2.372846803488789791e-01
3.827207750585985280e-01
2.472078524155192636e-01
2.512611457232579171e-01
2.345434425123209266e-01
9.038598078988401008e-02
8.755129031827253716e-02
1.320566251614057329e-01
1.545601729908214761e-01
1.605317778301725284e-01
3.309540258793488565e-01
2.526763202623015792e-01
3.389877170460979250e-01
1.973382342778307319e-01
1.966726145162962236e-01
2.236916194547643177e-01
3.681955550895276708e-01
2.344194398124309631e-01
2.370851663167111434e-01
2.270149931006522903e-01
8.158252566662674288e-02
8.421010665085865154e-02
1.315903129598249288e-01
1.469418141748245199e-01
1.425992424415867543e-01
3.037255145699150338e-01
2.481738163614007620e-01
3.412210454016362804e-01
1.938668830970483592e-01
1.913162558439043814e-01
2.180233906140606748e-01
3.552129587499945895e-01
2.237784313416115445e-01
2.202794848374690084e-01
2.210139450648799797e-01
7.199198103350643030e-02
7.814409019184366534e-02
1.251867678316971599e-01
1.438444047112323598e-01
1.260771036972489489e-01
2.787981034338053443e-01
2.393687119844885580e-01
3.416340714130918776e-01
1.893004766643055503e-01
1.859911916309018587e-01
2.114354074482106549e-01
3.446758126432231117e-01
2.143170798268057009e-01
2.047185197345337271e-01
2.118874598845235935e-01
1.124569226825780366e-01
5.224010234525396923e-01
1.840880206667600216e+00
3.660889901338691743e+00
4.084707148828820245e+00
3.278388299531416195e+00
2.573457865403363076e+00
2.269944693622162890e-01
7.466500000417524152e-01
2.170682788168987187e+00
3.969200371816443251e+00
4.246515730379646136e+00
3.308120094815019119e+00
2.525457125897615285e+00
3.630674843784225114e-01
9.860347059655598656e-01
2.492027681607988931e+00
4.217293878359451575e+00
4.313061028653364382e+00
3.262786896030910100e+00
2.439308522090947395e+00
8.854736577339998860e-01
1.588766444584532644e+00
2.734576393634291058e+00
4.013496276890015757e+00
3.985698915307521073e+00
3.027869427637008837e+00
2.288342194577604349e+00
1.145687464131018185e+00
1.539054528927316312e+00
2.672719415091896700e+00
4.015103096294963869e+00
3.941057984061202557e+00
2.961357165876302933e+00
2.250800787699823946e+00
1.116121183448256282e+00
1.544442734985806531e+00
2.790288552773464215e+00
4.075799760825296936e+00
3.900346566752489696e+00
2.930051781306195036e+00
2.305070312844907043e+00
1.094523729690134672e+00
1.625737822593708470e+00
2.920492781409604444e+00
4.149553083899846229e+00
3.902047823795142811e+00
2.977082589372638477e+00
2.508539851800061893e+00
1.123692305914235634e+00
1.755352274709643945e+00
3.100175975811578777e+00
4.236187422520986345e+00
3.920574969894461859e+00
3.146224454878544297e+00
2.939830339339675191e+00
1.185912098614672727e+00
1.906153563951998420e+00
3.285748481752757133e+00
4.326362068873757849e+00
3.997259223987527754e+00
3.487687165794516098e+00
3.692199802275062837e+00
1.273263015044091118e+00
2.078615474055058865e+00
3.476836102233285875e+00
4.425794642343634067e+00
4.122538410380745866e+00
3.854670240021031091e+00
4.127873794693821985e+00
1.387967629790734181e+00
2.278021061567255590e+00
3.678138449248956832e+00
4.535956513737051665e+00
4.277105583370000019e+00
4.184284763794912543e+00
4.298036888109606046e+00
1.694987225137472908e+00
2.934952380734771271e+00
4.319242686303457646e+00
4.437675009289849370e+00
3.933483785951367828e+00
4.170589610583641971e+00
4.199032045915386036e+00
2.135184567162584202e+00
3.628830333372506711e+00
4.592428669067259328e+00
4.103398048105313833e+00
3.755616247439610866e+00
4.221017921207951495e+00
4.044450944527474334e+00
2.779307952870095910e+00
4.265226532918631186e+00
4.516160075605827551e+00
3.772038976602225535e+00
3.710984694023977237e+00
4.175765508411810600e+00
3.789944691969747037e+00
3.435424292567345717e+00
4.605433396839424098e+00
4.267836102525799369e+00
3.543785562832352021e+00
3.686002630321539630e+00
4.118220850059609361e+00
3.602097006484383357e+00
