1.677458338760443035e-01
8.438469948445519175e-02
1.482685390807926551e-01
9.061404099017726643e-02
1.007061483416950981e-01
7.691786976658852859e-02
8.365395629027562452e-02
7.328700805790137884e-02
7.949577726647583109e-02
6.881774071957641459e-02
7.176030751619005832e-02
6.114171573745787874e-02
6.790310323990528252e-02
5.499669596427269463e-02
6.400123152726085174e-02
1.879596675093469782e-01
1.092589596718292894e-01
1.729010687324200046e-01
9.334348666789721305e-02
1.218038478629845239e-01
7.474678241439530746e-02
8.126332049932021018e-02
9.076027179750528751e-02
8.208709754368771760e-02
8.402952684749923074e-02
7.826202431978368512e-02
7.030200743853073919e-02
6.919137395738794716e-02
5.586363185721503893e-02
6.284122872139458194e-02
2.222718482558105890e-01
1.523677060929034821e-01
1.797146150019636179e-01
9.695675849131241142e-02
1.768220796915027926e-01
6.894015392650254537e-02
8.866380149995670146e-02
1.098841314571464833e-01
7.693405494234702158e-02
9.838037066344726411e-02
8.019852397759476281e-02
8.145952650881303769e-02
7.394074513450137054e-02
5.118613005569368213e-02
6.572562245546496873e-02
1.472638935559089091e-01
8.344411078257059355e-02
1.574624320317018211e-01
1.067301444753365608e-01
1.304011242383274483e-01
9.030534070745119268e-02
8.825866100774808209e-02
8.269962454062328161e-02
7.651714593005538856e-02
1.025115280092784714e-01
7.349305069560542469e-02
7.689681009915248777e-02
6.619053523853875298e-02
5.187098062650856434e-02
5.881313037449105441e-02
1.124034424589527015e-01
8.030552614115449295e-02
1.455848099933222950e-01
1.130062451571200860e-01
1.115683436002696399e-01
1.175722795322985126e-01
9.445991651742742523e-02
7.544566236514137214e-02
7.688486593905226318e-02
1.071554191409249818e-01
7.776910372036978381e-02
7.979392711515813363e-02
6.721942572674313721e-02
5.368840296293531794e-02
6.127109412554122836e-02
8.794730222668066533e-02
5.788500713069279213e-02
1.278874199879544704e-01
1.050823780150165199e-01
9.619708471884182155e-02
1.373783204317114703e-01
8.773754834818291160e-02
7.211257806383440661e-02
7.291084097897568284e-02
1.053210206767104112e-01
7.667931389516069451e-02
8.213800646126560856e-02
6.459350227834072256e-02
5.582079917319105605e-02
5.964435920292346371e-02
8.287201588946420394e-02
6.187328181577906455e-02
1.246305648608771188e-01
9.840344781325377488e-02
9.374366109053841600e-02
1.482833725892940269e-01
8.998476704169289242e-02
7.077261280295300827e-02
7.823500348943254745e-02
1.043825418368637126e-01
8.033522273334958719e-02
8.610688818668502109e-02
7.067124561022072871e-02
5.826022325799331408e-02
6.558655603640936582e-02
6.803768230835456621e-02
4.540568902258635547e-02
1.064891922215252529e-01
8.437233302178269445e-02
7.344994919018041357e-02
1.494085590403328168e-01
7.668253117431139687e-02
6.178147553789243435e-02
6.951813060275431611e-02
9.121900341345136332e-02
6.919515786654149847e-02
9.023087906138282932e-02
5.970928164298467539e-02
6.277502308856111601e-02
5.913963682478044076e-02
6.638708516629801548e-02
4.493976379571608393e-02
9.433173859616519885e-02
7.618042699781323035e-02
6.507394561453999637e-02
1.449515749810156851e-01
7.197706263631671597e-02
5.701796005999899830e-02
6.509859218718262730e-02
8.167414315306857631e-02
6.707212643403610841e-02
9.389744292831883610e-02
5.750261734348676573e-02
6.561940945820837756e-02
5.642875171732021633e-02
6.692612527035632364e-02
4.622037609709193223e-02
8.832200507487171504e-02
7.561345283248341320e-02
6.181352639579017205e-02
1.377440448777032256e-01
7.205977005119405809e-02
5.487268188823543613e-02
6.333078359248549283e-02
7.741914288154502777e-02
6.915624121061382523e-02
9.711652817756764866e-02
5.861542287215271846e-02
6.555417340343624999e-02
5.659935532552842763e-02
6.580076005897725344e-02
5.452633111268311711e-02
9.362495131996810549e-02
8.128713322174245526e-02
6.580692644572942729e-02
1.304764976929402853e-01
7.680274751233087671e-02
5.447891175734972252e-02
6.629089373856721090e-02
8.359568340379851248e-02
7.593326382804049812e-02
1.000434785941017451e-01
6.217156486265423831e-02
6.582148575842994287e-02
6.106132981588140857e-02
4.966612078222161497e-02
3.135030300819165172e-02
8.066269913312466844e-02
8.410601028584005490e-02
5.268075588564555961e-02
1.099723493563501547e-01
7.444247487145018438e-02
5.757043959206285116e-02
6.010462042670960264e-02
6.328071222708764321e-02
6.725137828474771207e-02
9.289904463490558650e-02
5.836453565379127323e-02
6.654652287265855337e-02
5.505418753558406070e-02
4.339036174689141906e-02
3.679628109177478928e-02
7.744217859981250562e-02
8.371898285481431390e-02
5.376861214370738662e-02
9.273314878847986609e-02
8.056267770758715474e-02
6.189740628396995376e-02
5.829362037055460521e-02
5.355256085619250483e-02
6.649313894253651436e-02
9.003911132339266488e-02
5.844186827692712111e-02
6.837957763080045048e-02
5.615953853826690517e-02
3.680555810571413400e-02
3.470995650564764889e-02
6.227425873623726460e-02
7.974558803913080196e-02
5.080670788483282463e-02
6.930313643827554215e-02
7.458513940534357289e-02
6.597226930088677388e-02
5.348677809744335765e-02
4.822436015943065701e-02
5.907239827217784789e-02
8.970977505739584357e-02
5.371164509776914231e-02
6.478157687766537831e-02
5.289401778122059666e-02
3.628897157767578541e-02
3.378313209672298423e-02
5.307536247341587687e-02
7.084343354920957792e-02
5.471588175720665248e-02
5.067501846532832671e-02
7.246221769017986702e-02
7.093466329807426862e-02
5.342323427937947788e-02
4.313236561002782576e-02
5.806031736420934342e-02
9.066878458966230736e-02
5.150177873094710645e-02
6.272440024028336225e-02
5.340822418857438247e-02
1.804946968002642538e-01
2.417620447558624652e-01
1.229278343347977254e+00
2.853415461404502196e+00
2.799516471186912270e+00
2.164735181703580480e+00
2.020109366949279117e+00
2.748955931915952888e-01
2.819566055723188858e-01
1.251947948721492621e+00
2.861584368794953814e+00
2.739283956856840785e+00
2.110496084683518792e+00
2.005163837164089191e+00
3.801901982715976680e-01
3.720474735702778979e-01
1.268025085941425711e+00
2.883776492348897769e+00
2.723541712293595207e+00
2.102809797695103011e+00
2.005560089336576368e+00
8.800035770771640342e-01
8.943223403237805513e-01
1.307168378362944638e+00
3.202648831755690928e+00
3.078524704278278623e+00
2.291907348557962187e+00
2.059398522082042771e+00
1.127151656650955402e+00
5.305692449972553293e-01
1.636749727309491753e+00
3.425380596338014616e+00
3.134075638848954792e+00
2.273958512438379653e+00
2.000687779543236289e+00
8.546014766939966645e-01
6.714033069940038567e-01
1.901597100028352916e+00
3.540008472105757864e+00
3.132122002771087210e+00
2.196780584799958191e+00
1.868089103967611297e+00
7.605797302568428897e-01
9.250446562805275663e-01
2.071997903957488063e+00
3.628901087149266846e+00
3.070154367725745459e+00
2.024680607921265363e+00
1.679117695290321732e+00
8.385258928245475918e-01
1.078653289723469966e+00
2.272331961269196565e+00
3.677779863434515129e+00
2.931375305962539368e+00
1.744338889395103509e+00
1.561147980429030468e+00
9.447319067163471029e-01
1.219054701061409673e+00
2.461490593980179220e+00
3.680328515496605668e+00
2.712646750032963627e+00
1.311108562821331924e+00
2.260164028616630461e+00
1.035828984204272496e+00
1.385114615786024794e+00
2.623770070630616846e+00
3.644585793666085038e+00
2.409854477300555686e+00
1.174840980291804060e+00
3.012800413087981521e+00
1.125338898302044255e+00
1.576484863609640907e+00
2.763261056526934212e+00
3.570350176036796608e+00
2.028931627962246242e+00
1.541887893401558074e+00
3.457028677478315881e+00
1.197951408408279628e+00
2.006158195524538446e+00
3.495703476501829332e+00
3.084628038886402912e+00
1.195490885199445019e+00
2.398183996275549568e+00
3.702379878000268576e+00
1.371911849626766156e+00
2.718832130884657250e+00
3.698401443195820093e+00
2.299242820264218778e+00
1.227326233020768820e+00
3.036268298451449077e+00
3.706207656830052599e+00
1.784764587158494065e+00
3.405971681205000490e+00
3.378544330655613326e+00
1.704702029952823050e+00
1.640465744293299943e+00
3.484978318579814882e+00
3.616048343009744315e+00
2.377998981710264470e+00
3.729389594336489644e+00
2.855833014803811576e+00
1.436890505412132368e+00
2.064863476848141755e+00
3.812259061605779209e+00
3.433173557507389617e+00
